0.168001
0.277034
0.167431
0.119391
0.50339
0.610879
0.0127596
0.488913
0.0659253
0.153867
0.0469584
0.163731
0.178598
0.0406599
0.0854376
0.0693588
0.130885
0.150806
0.106453
0.107703
0.142481
0.506501
0.0186653
0.109055
0.262777
0.201884
0.217622
0.0459896
0.0086165
0.000210106
0.0265869
0.291397
0.259684
0.018693
0.0754238
0.1765
0.00573914
0.0236216
0.00140333
0.033678
0.00841479
0.0162969
0.18892
0.00459172
0.144348
0.378536
0.0567357
0.0142673
0.0145964
0.0261651
0.0518223
2.2031e-06
0.00304721
0.00051696
0.0199854
0.0360442
0.107428
0.087267
0.0139844
0.38621
0.27504
0.245147
0.0568587
0.199774
0.0170119
0.0036916
0.0120701
0.031578
0.159492
0.0046526
0.0126988
0.0851237
0.422089
0.243309
0.000932956
0.434677
0.0476473
0.027464
0.0246852
0.00905634
0.000525989
7.60765e-05
0.572898
0.145572
0.121742
0.317149
0.196478
0.078253
0.401751
0.188746
0.433351
0.329501
0.481148
0.0741018
0.0888077
9.60511e-05
0.1407
0.000766298
0.105646
0.0798159
0.02944
0.136193
0.570663
0.129467
0.194598
0.421127
0.0961038
0.320179
0.18024
0.152687
0.188689
0.259877
0.660451
0.242923
0.348641
0.428509
0.254297
0.199061
0.00359085
0.15046
0.205802
0.0785003
0.323261
0.628595
0.438296
0.240819
0.144059
0.0599128
0.00333464
0.711972
0.139573
0.0320386
0.0658526
0.0800247
0.0122056
0.294441
0.00701548
0.0735684
0.00371407
0.0885979
0.264382
0.251758
0.324934
0.353764
0.0540641
0.316877
0.000995035
0.0941489
0.18908
0.262947
0.286436
0.01675
0.621204
0.0287458
0.182032
0.812175
0.271332
0.389594
0.282551
0.574744
0.950888
0.493317
0.00738736
0.0734487
0.51817
0.00635015
0.0736322
0.000790015
0.0494011
0.025177
0.00968159
0.0540789
0.208381
0.0161659
0.239029
0.0211972
3.07076e-06
0.153651
0.25073
0.197184
0.25033
0.0072553
0.00817935
0.0162594
0.426397
0.796828
0.4485
0.444019
0.500022
0.423559
0.197094
0.179358
0.192454
0.430688
0.41982
0.456278
0.913584
0.862153
0.942265
0.532333
0.201741
0.384404
0.101128
0.301039
0.320772
0.680557
0.398561
0.306189
0.448574
0.0247057
0.872782
0.874565
0.876191
0.790683
0.785904
0.787279
0.987231
0.990136
0.883812
0.888267
0.886463
0.993607
0.887901
0.88231
0.883864
0.877747
0.889657
0.886313
0.885623
0.880503
0.884903
0.992134
0.993944
0.786539
0.790195
0.785718
0.998174
0.781711
0.785316
0.784039
0.783099
0.786716
0.783287
0.994522
0.987288
0.0295415
0.60421
0.992698
0.0331882
0.600877
0.0330758
0.59944
0.00846268
0.0349228
0.264467
0.264672
0.0334746
0.0339995
0.0220074
0.989292
0.142763
0.29716
0.145942
0.299853
0.640533
0.0537541
0.203087
0.00262725
0.00262725
0.0694762
0.0694762
0.00147945
0.348836
0.390756
1
0.000708929
0.0233375
0.00236201
0.0238112
0.000708929
0.0233375
0.00236201
0.0238112
0.0419936
0.0873113
0.000444158
0.699874
0.588037
0.568787
0.657997
0.00873706
0.000971138
0.112234
0.482776
0.0851498
0.00796878
0.227809
0.0309132
0.00734966
0.258215
0.671765
0.253702
0.0123137
0.100238
0.00432305
0.0132603
0.20077
0.38594
0.287876
0.0390425
0.442123
0.0176985
0.160644
0.000911918
0.0544735
0.197622
0.204406
0.0226054
0.312206
