1 2
2 3
3 4
3 5
3 6
3 7
3 8
4 5
4 6
4 7
4 8
4 9
4 10
5 6
5 7
5 8
5 9
5 10
5 11
5 12
5 13
6 7
6 8
6 9
6 10
6 11
6 12
6 13
6 14
6 15
7 8
7 9
7 10
7 11
7 12
7 13
7 14
7 15
8 9
8 10
8 11
8 12
8 13
8 14
8 15
9 10
9 11
9 12
9 13
9 14
9 15
10 11
10 12
10 13
10 14
10 15
11 12
11 13
11 14
11 15
11 16
11 17
11 18
11 19
12 13
12 14
12 15
12 16
12 17
12 18
12 19
13 14
13 15
13 16
13 17
13 18
13 19
14 15
14 16
14 17
14 18
14 19
15 16
15 17
15 18
15 19
16 17
16 18
16 19
16 20
16 21
16 22
16 23
17 18
17 19
17 20
17 21
17 22
17 23
18 19
18 20
18 21
18 22
18 23
19 20
19 21
19 22
19 23
20 21
20 22
20 23
21 22
21 23
21 24
22 23
22 24
23 24
24 25
24 26
25 26
25 27
26 27
28 29
28 30
28 31
29 30
29 31
29 32
29 33
30 31
30 32
30 33
31 32
31 33
32 33
32 34
32 35
33 34
33 35
34 35
34 36
35 36
35 37
36 37
38 39
41 42
41 43
42 43
44 45
44 46
44 47
45 46
45 47
46 47
48 49
50 51
50 52
51 52
53 54
54 55
55 56
55 57
55 58
55 59
56 57
56 58
56 59
57 58
57 59
58 59
58 60
59 60
60 61
60 62
61 62
62 63
62 64
62 65
63 64
63 65
63 66
63 67
63 68
63 69
64 65
64 66
64 67
64 68
64 69
65 66
65 67
65 68
65 69
66 67
66 68
66 69
67 68
67 69
68 69
72 73
74 75
74 76
75 76
78 79
78 80
78 81
79 80
79 81
80 81
82 83
85 86
85 87
85 88
85 89
85 90
85 91
86 87
86 88
86 89
86 90
86 91
87 88
87 89
87 90
87 91
87 92
88 89
88 90
88 91
88 92
88 93
89 90
89 91
89 92
89 93
89 94
90 91
90 92
90 93
90 94
91 92
91 93
91 94
92 93
92 94
92 95
92 96
93 94
93 95
93 96
94 95
94 96
95 96
97 98
97 99
97 100
98 99
98 100
98 101
99 100
99 101
99 102
100 101
100 102
101 102
101 103
102 103
102 104
102 105
103 104
103 105
103 106
103 107
103 108
104 105
104 106
104 107
104 108
104 109
105 106
105 107
105 108
105 109
106 107
106 108
106 109
107 108
107 109
108 109
110 111
110 112
111 112
113 114
113 115
114 115
114 116
115 116
117 118
119 120
119 121
119 122
119 123
119 124
120 121
120 122
120 123
120 124
121 122
121 123
121 124
122 123
122 124
122 125
123 124
123 125
124 125
126 127
126 128
127 128
