0.003277377057 1 0 0 0 0 0 0 0 0 0 1
0.003319444245 1 0 0 0 0 0 0 0 0 0 0
0.00656294315 1 0 0 0 0 0 0 0 0 0 0
0.006835906677 1 0 0 0 0 0 0 0 0 0 0
0.007401906302 1 0 0 0 0 0 0 0 0 0 1
0.00910929102 1 0 0 0 0 0 0 0 0 0 0
0.009145019673 1 0 0 0 0 0 0 0 0 0 0
0.009394401509 1 0 0 0 0 0 0 0 0 0 0
0.009831649845 1 0 0 0 0 0 0 0 0 0 0
0.009846333522 1 0 0 0 0 0 0 0 0 0 1
0.0101258795 1 0 0 0 0 0 0 0 0 0 0
0.01029426208 1 0 0 0 0 0 0 0 0 0 1
0.01048564095 1 0 0 0 0 0 0 0 0 0 0
0.01096100506 1 0 0 0 0 0 0 0 0 0 0
0.01096433856 1 0 0 0 0 0 0 0 0 0 1
0.01327828432 1 0 0 0 0 0 0 0 0 0 1
0.01328016735 1 0 0 0 0 0 0 0 0 0 0
0.01328032996 1 0 0 0 0 0 0 0 0 0 0
0.01330608412 1 0 0 0 0 0 0 0 0 0 1
0.01556678163 1 0 0 0 0 0 0 0 0 0 0
0.01580785085 1 0 0 0 0 0 0 0 0 0 1
0.01642680602 1 0 0 0 0 0 0 0 0 0 0
0.01642774916 1 0 0 0 0 0 0 0 0 0 1
0.01899375332 1 0 0 0 0 0 0 0 0 0 0
0.02031867298 1 0 0 0 0 0 0 0 0 0 1
0.02187452801 1 0 0 0 0 0 0 0 0 0 1
0.02282997841 1 0 0 0 0 0 0 0 0 0 1
0.02702211761 1 0 0 0 0 0 0 0 0 0 1
0.02739889782 1 0 0 0 0 0 0 0 0 0 1
0.02801658139 1 0 0 0 0 0 0 0 0 0 1
0.02801766437 1 0 0 0 0 0 0 0 0 0 1
0.03053497986 1 0 0 0 0 0 0 0 0 0 0
0.03064984426 1 0 0 0 0 0 0 0 0 0 0
0.03193201053 1 0 0 0 0 0 0 0 0 0 0
0.0331525834 1 0 0 0 0 0 0 0 0 0 0
0.03473620245 1 0 0 0 0 0 0 0 0 0 1
0.03549428343 1 0 0 0 0 0 0 0 0 0 1
0.03924389922 1 0 0 0 0 0 0 0 0 0 0
0.03925972767 1 0 0 0 0 0 0 0 0 0 0
0.0446251788 1 0 0 0 0 0 0 0 0 0 1
0.05542851077 1 0 0 0 0 0 0 0 0 0 1
0.05556079394 1 0 0 0 0 0 0 0 0 0 1
0.05815034402 1 0 0 0 0 0 0 0 0 0 1
0.06244194196 1 0 0 0 0 0 0 0 0 0 1
0.06352766242 1 0 0 0 0 0 0 0 0 0 0
0.06444965745 1 0 0 0 0 0 0 0 0 0 1
0.06489692256 1 0 0 0 0 0 0 0 0 0 0
0.06907319753 1 0 0 0 0 0 0 0 0 0 0
0.07033159673 1 0 0 0 0 0 0 0 0 0 1
0.07420227562 1 0 0 0 0 0 0 0 0 0 1
0.07423516185 1 0 0 0 0 0 0 0 0 0 1
0.07600012674 1 0 0 0 0 0 0 0 0 0 1
0.08049036246 1 0 0 0 0 0 0 0 0 0 0
0.08097582464 1 0 0 0 0 0 0 0 0 0 1
0.08422336278 1 0 0 0 0 0 0 0 0 0 1
0.084245146 1 0 0 0 0 0 0 0 0 0 1
0.08435531098 1 0 0 0 0 0 0 0 0 0 1
0.08663313457 1 0 0 0 0 0 0 0 0 0 0
0.08667824256 1 0 0 0 0 0 0 0 0 0 0
0.08966377058 1 0 0 0 0 0 0 0 0 0 0
0.09015479076 1 0 0 0 0 0 0 0 0 0 0
0.09099263516 1 0 0 0 0 0 0 0 0 0 0
0.09386784534 1 0 0 0 0 0 0 0 0 0 0
0.09399405992 1 0 0 0 0 0 0 0 0 0 0
0.09399459328 1 0 0 0 0 0 0 0 0 0 0
0.09475038796 1 0 0 0 0 0 0 0 0 0 0
0.09506712933 1 0 0 0 0 0 0 0 0 0 0
0.09506772448 1 0 0 0 0 0 0 0 0 0 0
0.09509059719 1 0 0 0 0 0 0 0 0 0 0
0.101493955 1 0 0 0 0 0 0 0 0 0 0
0.1200729456 1 0 0 0 0 0 0 0 0 0 1
0.1240998699 1 0 0 0 0 0 0 0 0 0 1
0.1241579086 1 0 0 0 0 0 0 0 0 0 1
0.1278996248 1 0 0 0 0 0 0 0 0 0 1
0.1292437618 1 0 0 0 0 0 0 0 0 0 0
0.1295614723 1 0 0 0 0 0 0 0 0 0 1
0.1343174777 1 0 0 0 0 0 0 0 0 0 0
0.139561508 1 0 0 0 0 0 0 0 0 0 1
0.1396943017 1 0 0 0 0 0 0 0 0 0 1
0.1397370194 1 0 0 0 0 0 0 0 0 0 1
0.1397783353 1 0 0 0 0 0 0 0 0 0 1
0.1456758006 1 0 0 0 0 0 0 0 0 0 0
0.1482926919 1 0 0 0 0 0 0 0 0 0 1
0.1542429403 1 0 0 0 0 0 0 0 0 0 0
0.1608596488 1 0 0 0 0 0 0 0 0 0 1
0.1608848956 1 0 0 0 0 0 0 0 0 0 1
0.1612471093 1 0 0 0 0 0 0 0 0 0 1
0.1612909164 1 0 0 0 0 0 0 0 0 0 1
0.161468688 1 0 0 0 0 0 0 0 0 0 1
0.1614776869 1 0 0 0 0 0 0 0 0 0 1
0.1614780186 1 0 0 0 0 0 0 0 0 0 1
0.1644373697 1 0 0 0 0 0 0 0 0 0 1
0.1645230749 1 0 0 0 0 0 0 0 0 0 1
0.164585 1 0 0 0 0 0 0 0 0 0 1
0.1656145615 1 0 0 0 0 0 0 0 0 0 0
0.1660297469 1 0 0 0 0 0 0 0 0 0 1
0.1694501361 1 0 0 0 0 0 0 0 0 0 1
0.1711919974 1 0 0 0 0 0 0 0 0 0 0
0.1718041392 1 0 0 0 0 0 0 0 0 0 1
0.1718041782 1 0 0 0 0 0 0 0 0 0 1
0.173927285 1 0 0 0 0 0 0 0 0 0 1
0.1746330186 1 0 0 0 0 0 0 0 0 0 1
0.1765026002 1 0 0 0 0 0 0 0 0 0 0
0.1776570038 1 0 0 0 0 0 0 0 0 0 0
0.1776570364 1 0 0 0 0 0 0 0 0 0 0
0.1782769639 1 0 0 0 0 0 0 0 0 0 1
0.1788854698 1 0 0 0 0 0 0 0 0 0 1
0.1793468755 1 0 0 0 0 0 0 0 0 0 1
0.1806316142 1 0 0 0 0 0 0 0 0 0 0
0.1992327751 1 0 0 0 0 0 0 0 0 0 0
0.2008383465 1 0 0 0 0 0 0 0 0 0 0
0.2009855703 1 0 0 0 0 0 0 0 0 0 0
0.2049622481 1 0 0 0 0 0 0 0 0 0 1
0.2058444948 1 0 0 0 0 0 0 0 0 0 1
0.2065213976 1 0 0 0 0 0 0 0 0 0 0
0.2086152053 1 0 0 0 0 0 0 0 0 0 0
0.212631729 1 0 0 0 0 0 0 0 0 0 0
0.2132779669 1 0 0 0 0 0 0 0 0 0 0
0.2186524722 1 0 0 0 0 0 0 0 0 0 1
0.2194849472 1 0 0 0 0 0 0 0 0 0 0
0.2194859228 1 0 0 0 0 0 0 0 0 0 1
0.2200292156 1 0 0 0 0 0 0 0 0 0 1
0.2209243637 1 0 0 0 0 0 0 0 0 0 1
0.2209246174 1 0 0 0 0 0 0 0 0 0 1
0.223061855 1 0 0 0 0 0 0 0 0 0 1
0.2272797581 1 0 0 0 0 0 0 0 0 0 1
0.2284264963 1 0 0 0 0 0 0 0 0 0 1
0.2284273906 1 0 0 0 0 0 0 0 0 0 1
0.003277377057 1 0 0 0 0 0 0 0 0 0 1
0.003319444245 1 0 0 0 0 0 0 0 0 0 1
0.00656294315 1 0 0 0 0 0 0 0 0 0 0
0.006835906677 1 0 0 0 0 0 0 0 0 0 1
0.007401906302 1 0 0 0 0 0 0 0 0 0 1
0.00910929102 1 0 0 0 0 0 0 0 0 0 0
0.009145019673 1 0 0 0 0 0 0 0 0 0 0
0.009394401509 1 0 0 0 0 0 0 0 0 0 0
0.009831649845 1 0 0 0 0 0 0 0 0 0 0
0.009846333522 1 0 0 0 0 0 0 0 0 0 1
0.0101258795 1 0 0 0 0 0 0 0 0 0 0
0.01029426208 1 0 0 0 0 0 0 0 0 0 1
0.01048564095 1 0 0 0 0 0 0 0 0 0 0
0.01096100506 1 0 0 0 0 0 0 0 0 0 0
0.01096433856 1 0 0 0 0 0 0 0 0 0 1
0.01327828432 1 0 0 0 0 0 0 0 0 0 1
0.01328016735 1 0 0 0 0 0 0 0 0 0 0
0.01328032996 1 0 0 0 0 0 0 0 0 0 0
0.01330608412 1 0 0 0 0 0 0 0 0 0 1
0.01556678163 1 0 0 0 0 0 0 0 0 0 0
0.01580785085 1 0 0 0 0 0 0 0 0 0 1
0.01642680602 1 0 0 0 0 0 0 0 0 0 0
0.01642774916 1 0 0 0 0 0 0 0 0 0 1
0.01899375332 1 0 0 0 0 0 0 0 0 0 0
0.02031867298 1 0 0 0 0 0 0 0 0 0 1
0.02187452801 1 0 0 0 0 0 0 0 0 0 1
0.02282997841 1 0 0 0 0 0 0 0 0 0 1
0.02702211761 1 0 0 0 0 0 0 0 0 0 1
0.02739889782 1 0 0 0 0 0 0 0 0 0 1
0.02801658139 1 0 0 0 0 0 0 0 0 0 1
0.02801766437 1 0 0 0 0 0 0 0 0 0 1
0.03053497986 1 0 0 0 0 0 0 0 0 0 0
0.03064984426 1 0 0 0 0 0 0 0 0 0 0
0.03193201053 1 0 0 0 0 0 0 0 0 0 0
0.0331525834 1 0 0 0 0 0 0 0 0 0 0
0.03473620245 1 0 0 0 0 0 0 0 0 0 1
0.03549428343 1 0 0 0 0 0 0 0 0 0 1
0.03924389922 1 0 0 0 0 0 0 0 0 0 0
0.03925972767 1 0 0 0 0 0 0 0 0 0 0
0.0446251788 1 0 0 0 0 0 0 0 0 0 1
0.05542851077 1 0 0 0 0 0 0 0 0 0 1
0.05556079394 1 0 0 0 0 0 0 0 0 0 0
0.05815034402 1 0 0 0 0 0 0 0 0 0 1
0.06244194196 1 0 0 0 0 0 0 0 0 0 1
0.06352766242 1 0 0 0 0 0 0 0 0 0 1
0.06444965745 1 0 0 0 0 0 0 0 0 0 1
0.06489692256 1 0 0 0 0 0 0 0 0 0 0
0.06907319753 1 0 0 0 0 0 0 0 0 0 0
0.07033159673 1 0 0 0 0 0 0 0 0 0 0
0.07420227562 1 0 0 0 0 0 0 0 0 0 1
0.07423516185 1 0 0 0 0 0 0 0 0 0 1
0.07600012674 1 0 0 0 0 0 0 0 0 0 1
0.08049036246 1 0 0 0 0 0 0 0 0 0 0
0.08097582464 1 0 0 0 0 0 0 0 0 0 0
0.08422336278 1 0 0 0 0 0 0 0 0 0 0
0.084245146 1 0 0 0 0 0 0 0 0 0 0
0.08435531098 1 0 0 0 0 0 0 0 0 0 1
0.08663313457 1 0 0 0 0 0 0 0 0 0 0
0.08667824256 1 0 0 0 0 0 0 0 0 0 0
0.08966377058 1 0 0 0 0 0 0 0 0 0 0
0.09015479076 1 0 0 0 0 0 0 0 0 0 1
0.09099263516 1 0 0 0 0 0 0 0 0 0 1
0.09386784534 1 0 0 0 0 0 0 0 0 0 1
0.09399405992 1 0 0 0 0 0 0 0 0 0 0
0.09399459328 1 0 0 0 0 0 0 0 0 0 1
0.09475038796 1 0 0 0 0 0 0 0 0 0 1
0.09506712933 1 0 0 0 0 0 0 0 0 0 0
0.09506772448 1 0 0 0 0 0 0 0 0 0 0
0.09509059719 1 0 0 0 0 0 0 0 0 0 0
0.101493955 1 0 0 0 0 0 0 0 0 0 1
0.1200729456 1 0 0 0 0 0 0 0 0 0 0
0.1240998699 1 0 0 0 0 0 0 0 0 0 0
0.1241579086 1 0 0 0 0 0 0 0 0 0 0
0.1278996248 1 0 0 0 0 0 0 0 0 0 1
0.1292437618 1 0 0 0 0 0 0 0 0 0 0
0.1295614723 1 0 0 0 0 0 0 0 0 0 0
0.1343174777 1 0 0 0 0 0 0 0 0 0 1
0.139561508 1 0 0 0 0 0 0 0 0 0 1
0.1396943017 1 0 0 0 0 0 0 0 0 0 0
0.1397370194 1 0 0 0 0 0 0 0 0 0 0
0.1397783353 1 0 0 0 0 0 0 0 0 0 0
0.1456758006 1 0 0 0 0 0 0 0 0 0 1
0.1482926919 1 0 0 0 0 0 0 0 0 0 0
0.1542429403 1 0 0 0 0 0 0 0 0 0 1
0.1608596488 1 0 0 0 0 0 0 0 0 0 0
0.1608848956 1 0 0 0 0 0 0 0 0 0 1
0.1612471093 1 0 0 0 0 0 0 0 0 0 1
0.1612909164 1 0 0 0 0 0 0 0 0 0 1
0.161468688 1 0 0 0 0 0 0 0 0 0 1
0.1614776869 1 0 0 0 0 0 0 0 0 0 1
0.1614780186 1 0 0 0 0 0 0 0 0 0 1
0.1644373697 1 0 0 0 0 0 0 0 0 0 0
0.1645230749 1 0 0 0 0 0 0 0 0 0 0
0.164585 1 0 0 0 0 0 0 0 0 0 0
0.1656145615 1 0 0 0 0 0 0 0 0 0 0
0.1660297469 1 0 0 0 0 0 0 0 0 0 0
0.1694501361 1 0 0 0 0 0 0 0 0 0 0
0.1711919974 1 0 0 0 0 0 0 0 0 0 0
0.1718041392 1 0 0 0 0 0 0 0 0 0 0
0.1718041782 1 0 0 0 0 0 0 0 0 0 0
0.173927285 1 0 0 0 0 0 0 0 0 0 0
0.1746330186 1 0 0 0 0 0 0 0 0 0 0
0.1765026002 1 0 0 0 0 0 0 0 0 0 1
0.1776570038 1 0 0 0 0 0 0 0 0 0 0
0.1776570364 1 0 0 0 0 0 0 0 0 0 0
0.1782769639 1 0 0 0 0 0 0 0 0 0 1
0.1788854698 1 0 0 0 0 0 0 0 0 0 1
0.1793468755 1 0 0 0 0 0 0 0 0 0 1
0.1806316142 1 0 0 0 0 0 0 0 0 0 1
0.1992327751 1 0 0 0 0 0 0 0 0 0 0
0.2008383465 1 0 0 0 0 0 0 0 0 0 0
0.2009855703 1 0 0 0 0 0 0 0 0 0 1
0.2049622481 1 0 0 0 0 0 0 0 0 0 0
0.2058444948 1 0 0 0 0 0 0 0 0 0 1
0.2065213976 1 0 0 0 0 0 0 0 0 0 0
0.2086152053 1 0 0 0 0 0 0 0 0 0 0
0.212631729 1 0 0 0 0 0 0 0 0 0 0
0.2132779669 1 0 0 0 0 0 0 0 0 0 1
0.2186524722 1 0 0 0 0 0 0 0 0 0 0
0.2194849472 1 0 0 0 0 0 0 0 0 0 1
0.2194859228 1 0 0 0 0 0 0 0 0 0 1
0.2200292156 1 0 0 0 0 0 0 0 0 0 1
0.2209243637 1 0 0 0 0 0 0 0 0 0 1
0.2209246174 1 0 0 0 0 0 0 0 0 0 0
0.223061855 1 0 0 0 0 0 0 0 0 0 0
0.2272797581 1 0 0 0 0 0 0 0 0 0 1
0.2284264963 1 0 0 0 0 0 0 0 0 0 0
0.2284273906 1 0 0 0 0 0 0 0 0 0 1
0.003277377057 1 0 0 0 0 0 0 0 0 0 2
0.003319444245 1 0 0 0 0 0 0 0 0 0 1
0.00656294315 1 0 0 0 0 0 0 0 0 0 1
0.006835906677 1 0 0 0 0 0 0 0 0 0 1
0.007401906302 1 0 0 0 0 0 0 0 0 0 1
0.00910929102 1 0 0 0 0 0 0 0 0 0 1
0.009145019673 1 0 0 0 0 0 0 0 0 0 0
0.009394401509 1 0 0 0 0 0 0 0 0 0 0
0.009831649845 1 0 0 0 0 0 0 0 0 0 0
0.009846333522 1 0 0 0 0 0 0 0 0 0 1
0.0101258795 1 0 0 0 0 0 0 0 0 0 2
0.01029426208 1 0 0 0 0 0 0 0 0 0 1
0.01048564095 1 0 0 0 0 0 0 0 0 0 2
0.01096100506 1 0 0 0 0 0 0 0 0 0 0
0.01096433856 1 0 0 0 0 0 0 0 0 0 2
0.01327828432 1 0 0 0 0 0 0 0 0 0 2
0.01328016735 1 0 0 0 0 0 0 0 0 0 0
0.01328032996 1 0 0 0 0 0 0 0 0 0 1
0.01330608412 1 0 0 0 0 0 0 0 0 0 2
0.01556678163 1 0 0 0 0 0 0 0 0 0 1
0.01580785085 1 0 0 0 0 0 0 0 0 0 2
0.01642680602 1 0 0 0 0 0 0 0 0 0 2
0.01642774916 1 0 0 0 0 0 0 0 0 0 2
0.01899375332 1 0 0 0 0 0 0 0 0 0 1
0.02031867298 1 0 0 0 0 0 0 0 0 0 1
0.02187452801 1 0 0 0 0 0 0 0 0 0 0
0.02282997841 1 0 0 0 0 0 0 0 0 0 1
0.02702211761 1 0 0 0 0 0 0 0 0 0 1
0.02739889782 1 0 0 0 0 0 0 0 0 0 1
0.02801658139 1 0 0 0 0 0 0 0 0 0 1
0.02801766437 1 0 0 0 0 0 0 0 0 0 0
0.03053497986 1 0 0 0 0 0 0 0 0 0 0
0.03064984426 1 0 0 0 0 0 0 0 0 0 0
0.03193201053 1 0 0 0 0 0 0 0 0 0 1
0.0331525834 1 0 0 0 0 0 0 0 0 0 0
0.03473620245 1 0 0 0 0 0 0 0 0 0 1
0.03549428343 1 0 0 0 0 0 0 0 0 0 1
0.03924389922 1 0 0 0 0 0 0 0 0 0 0
0.03925972767 1 0 0 0 0 0 0 0 0 0 0
0.0446251788 1 0 0 0 0 0 0 0 0 0 2
0.05542851077 1 0 0 0 0 0 0 0 0 0 1
0.05556079394 1 0 0 0 0 0 0 0 0 0 1
0.05815034402 1 0 0 0 0 0 0 0 0 0 1
0.06244194196 1 0 0 0 0 0 0 0 0 0 2
0.06352766242 1 0 0 0 0 0 0 0 0 0 2
0.06444965745 1 0 0 0 0 0 0 0 0 0 1
0.06489692256 1 0 0 0 0 0 0 0 0 0 2
0.06907319753 1 0 0 0 0 0 0 0 0 0 1
0.07033159673 1 0 0 0 0 0 0 0 0 0 1
0.07420227562 1 0 0 0 0 0 0 0 0 0 0
0.07423516185 1 0 0 0 0 0 0 0 0 0 0
0.07600012674 1 0 0 0 0 0 0 0 0 0 2
0.08049036246 1 0 0 0 0 0 0 0 0 0 1
0.08097582464 1 0 0 0 0 0 0 0 0 0 1
0.08422336278 1 0 0 0 0 0 0 0 0 0 1
0.084245146 1 0 0 0 0 0 0 0 0 0 1
0.08435531098 1 0 0 0 0 0 0 0 0 0 1
0.08663313457 1 0 0 0 0 0 0 0 0 0 0
0.08667824256 1 0 0 0 0 0 0 0 0 0 0
0.08966377058 1 0 0 0 0 0 0 0 0 0 1
0.09015479076 1 0 0 0 0 0 0 0 0 0 1
0.09099263516 1 0 0 0 0 0 0 0 0 0 1
0.09386784534 1 0 0 0 0 0 0 0 0 0 1
0.09399405992 1 0 0 0 0 0 0 0 0 0 0
0.09399459328 1 0 0 0 0 0 0 0 0 0 1
0.09475038796 1 0 0 0 0 0 0 0 0 0 0
0.09506712933 1 0 0 0 0 0 0 0 0 0 0
0.09506772448 1 0 0 0 0 0 0 0 0 0 0
0.09509059719 1 0 0 0 0 0 0 0 0 0 0
0.101493955 1 0 0 0 0 0 0 0 0 0 1
0.1200729456 1 0 0 0 0 0 0 0 0 0 2
0.1240998699 1 0 0 0 0 0 0 0 0 0 1
0.1241579086 1 0 0 0 0 0 0 0 0 0 2
0.1278996248 1 0 0 0 0 0 0 0 0 0 2
0.1292437618 1 0 0 0 0 0 0 0 0 0 1
0.1295614723 1 0 0 0 0 0 0 0 0 0 1
0.1343174777 1 0 0 0 0 0 0 0 0 0 1
0.139561508 1 0 0 0 0 0 0 0 0 0 1
0.1396943017 1 0 0 0 0 0 0 0 0 0 0
0.1397370194 1 0 0 0 0 0 0 0 0 0 1
0.1397783353 1 0 0 0 0 0 0 0 0 0 1
0.1456758006 1 0 0 0 0 0 0 0 0 0 0
0.1482926919 1 0 0 0 0 0 0 0 0 0 1
0.1542429403 1 0 0 0 0 0 0 0 0 0 0
0.1608596488 1 0 0 0 0 0 0 0 0 0 2
0.1608848956 1 0 0 0 0 0 0 0 0 0 2
0.1612471093 1 0 0 0 0 0 0 0 0 0 2
0.1612909164 1 0 0 0 0 0 0 0 0 0 2
0.161468688 1 0 0 0 0 0 0 0 0 0 2
0.1614776869 1 0 0 0 0 0 0 0 0 0 2
0.1614780186 1 0 0 0 0 0 0 0 0 0 2
0.1644373697 1 0 0 0 0 0 0 0 0 0 2
0.1645230749 1 0 0 0 0 0 0 0 0 0 2
0.164585 1 0 0 0 0 0 0 0 0 0 2
0.1656145615 1 0 0 0 0 0 0 0 0 0 0
0.1660297469 1 0 0 0 0 0 0 0 0 0 1
0.1694501361 1 0 0 0 0 0 0 0 0 0 1
0.1711919974 1 0 0 0 0 0 0 0 0 0 0
0.1718041392 1 0 0 0 0 0 0 0 0 0 2
0.1718041782 1 0 0 0 0 0 0 0 0 0 2
0.173927285 1 0 0 0 0 0 0 0 0 0 1
0.1746330186 1 0 0 0 0 0 0 0 0 0 1
0.1765026002 1 0 0 0 0 0 0 0 0 0 1
0.1776570038 1 0 0 0 0 0 0 0 0 0 0
0.1776570364 1 0 0 0 0 0 0 0 0 0 0
0.1782769639 1 0 0 0 0 0 0 0 0 0 1
0.1788854698 1 0 0 0 0 0 0 0 0 0 2
0.1793468755 1 0 0 0 0 0 0 0 0 0 2
0.1806316142 1 0 0 0 0 0 0 0 0 0 1
0.1992327751 1 0 0 0 0 0 0 0 0 0 2
0.2008383465 1 0 0 0 0 0 0 0 0 0 2
0.2009855703 1 0 0 0 0 0 0 0 0 0 1
0.2049622481 1 0 0 0 0 0 0 0 0 0 0
0.2058444948 1 0 0 0 0 0 0 0 0 0 2
0.2065213976 1 0 0 0 0 0 0 0 0 0 2
0.2086152053 1 0 0 0 0 0 0 0 0 0 2
0.212631729 1 0 0 0 0 0 0 0 0 0 0
0.2132779669 1 0 0 0 0 0 0 0 0 0 2
0.2186524722 1 0 0 0 0 0 0 0 0 0 2
0.2194849472 1 0 0 0 0 0 0 0 0 0 0
0.2194859228 1 0 0 0 0 0 0 0 0 0 0
0.2200292156 1 0 0 0 0 0 0 0 0 0 2
0.2209243637 1 0 0 0 0 0 0 0 0 0 2
0.2209246174 1 0 0 0 0 0 0 0 0 0 0
0.223061855 1 0 0 0 0 0 0 0 0 0 2
0.2272797581 1 0 0 0 0 0 0 0 0 0 2
0.2284264963 1 0 0 0 0 0 0 0 0 0 2
0.2284273906 1 0 0 0 0 0 0 0 0 0 0
0.003277377057 1 0 0 0 0 0 0 0 0 0 2
0.003319444245 1 0 0 0 0 0 0 0 0 0 2
0.00656294315 1 0 0 0 0 0 0 0 0 0 1
0.006835906677 1 0 0 0 0 0 0 0 0 0 0
0.007401906302 1 0 0 0 0 0 0 0 0 0 1
0.00910929102 1 0 0 0 0 0 0 0 0 0 2
0.009145019673 1 0 0 0 0 0 0 0 0 0 2
0.009394401509 1 0 0 0 0 0 0 0 0 0 0
0.009831649845 1 0 0 0 0 0 0 0 0 0 1
0.009846333522 1 0 0 0 0 0 0 0 0 0 2
0.0101258795 1 0 0 0 0 0 0 0 0 0 1
0.01029426208 1 0 0 0 0 0 0 0 0 0 0
0.01048564095 1 0 0 0 0 0 0 0 0 0 0
0.01096100506 1 0 0 0 0 0 0 0 0 0 0
0.01096433856 1 0 0 0 0 0 0 0 0 0 1
0.01327828432 1 0 0 0 0 0 0 0 0 0 1
0.01328016735 1 0 0 0 0 0 0 0 0 0 1
0.01328032996 1 0 0 0 0 0 0 0 0 0 0
0.01330608412 1 0 0 0 0 0 0 0 0 0 1
0.01556678163 1 0 0 0 0 0 0 0 0 0 0
0.01580785085 1 0 0 0 0 0 0 0 0 0 1
0.01642680602 1 0 0 0 0 0 0 0 0 0 0
0.01642774916 1 0 0 0 0 0 0 0 0 0 1
0.01899375332 1 0 0 0 0 0 0 0 0 0 0
0.02031867298 1 0 0 0 0 0 0 0 0 0 1
0.02187452801 1 0 0 0 0 0 0 0 0 0 1
0.02282997841 1 0 0 0 0 0 0 0 0 0 1
0.02702211761 1 0 0 0 0 0 0 0 0 0 2
0.02739889782 1 0 0 0 0 0 0 0 0 0 1
0.02801658139 1 0 0 0 0 0 0 0 0 0 2
0.02801766437 1 0 0 0 0 0 0 0 0 0 2
0.03053497986 1 0 0 0 0 0 0 0 0 0 0
0.03064984426 1 0 0 0 0 0 0 0 0 0 0
0.03193201053 1 0 0 0 0 0 0 0 0 0 1
0.0331525834 1 0 0 0 0 0 0 0 0 0 1
0.03473620245 1 0 0 0 0 0 0 0 0 0 2
0.03549428343 1 0 0 0 0 0 0 0 0 0 2
0.03924389922 1 0 0 0 0 0 0 0 0 0 1
0.03925972767 1 0 0 0 0 0 0 0 0 0 0
0.0446251788 1 0 0 0 0 0 0 0 0 0 2
0.05542851077 1 0 0 0 0 0 0 0 0 0 1
0.05556079394 1 0 0 0 0 0 0 0 0 0 0
0.05815034402 1 0 0 0 0 0 0 0 0 0 1
0.06244194196 1 0 0 0 0 0 0 0 0 0 2
0.06352766242 1 0 0 0 0 0 0 0 0 0 1
0.06444965745 1 0 0 0 0 0 0 0 0 0 2
0.06489692256 1 0 0 0 0 0 0 0 0 0 1
0.06907319753 1 0 0 0 0 0 0 0 0 0 1
0.07033159673 1 0 0 0 0 0 0 0 0 0 1
0.07420227562 1 0 0 0 0 0 0 0 0 0 2
0.07423516185 1 0 0 0 0 0 0 0 0 0 2
0.07600012674 1 0 0 0 0 0 0 0 0 0 2
0.08049036246 1 0 0 0 0 0 0 0 0 0 1
0.08097582464 1 0 0 0 0 0 0 0 0 0 1
0.08422336278 1 0 0 0 0 0 0 0 0 0 1
0.084245146 1 0 0 0 0 0 0 0 0 0 1
0.08435531098 1 0 0 0 0 0 0 0 0 0 2
0.08663313457 1 0 0 0 0 0 0 0 0 0 0
0.08667824256 1 0 0 0 0 0 0 0 0 0 1
0.08966377058 1 0 0 0 0 0 0 0 0 0 1
0.09015479076 1 0 0 0 0 0 0 0 0 0 1
0.09099263516 1 0 0 0 0 0 0 0 0 0 2
0.09386784534 1 0 0 0 0 0 0 0 0 0 1
0.09399405992 1 0 0 0 0 0 0 0 0 0 0
0.09399459328 1 0 0 0 0 0 0 0 0 0 2
0.09475038796 1 0 0 0 0 0 0 0 0 0 0
0.09506712933 1 0 0 0 0 0 0 0 0 0 0
0.09506772448 1 0 0 0 0 0 0 0 0 0 0
0.09509059719 1 0 0 0 0 0 0 0 0 0 0
0.101493955 1 0 0 0 0 0 0 0 0 0 0
0.1200729456 1 0 0 0 0 0 0 0 0 0 0
0.1240998699 1 0 0 0 0 0 0 0 0 0 0
0.1241579086 1 0 0 0 0 0 0 0 0 0 0
0.1278996248 1 0 0 0 0 0 0 0 0 0 1
0.1292437618 1 0 0 0 0 0 0 0 0 0 0
0.1295614723 1 0 0 0 0 0 0 0 0 0 0
0.1343174777 1 0 0 0 0 0 0 0 0 0 0
0.139561508 1 0 0 0 0 0 0 0 0 0 1
0.1396943017 1 0 0 0 0 0 0 0 0 0 0
0.1397370194 1 0 0 0 0 0 0 0 0 0 0
0.1397783353 1 0 0 0 0 0 0 0 0 0 1
0.1456758006 1 0 0 0 0 0 0 0 0 0 0
0.1482926919 1 0 0 0 0 0 0 0 0 0 0
0.1542429403 1 0 0 0 0 0 0 0 0 0 0
0.1608596488 1 0 0 0 0 0 0 0 0 0 0
0.1608848956 1 0 0 0 0 0 0 0 0 0 0
0.1612471093 1 0 0 0 0 0 0 0 0 0 0
0.1612909164 1 0 0 0 0 0 0 0 0 0 0
0.161468688 1 0 0 0 0 0 0 0 0 0 0
0.1614776869 1 0 0 0 0 0 0 0 0 0 0
0.1614780186 1 0 0 0 0 0 0 0 0 0 0
0.1644373697 1 0 0 0 0 0 0 0 0 0 0
0.1645230749 1 0 0 0 0 0 0 0 0 0 0
0.164585 1 0 0 0 0 0 0 0 0 0 0
0.1656145615 1 0 0 0 0 0 0 0 0 0 0
0.1660297469 1 0 0 0 0 0 0 0 0 0 0
0.1694501361 1 0 0 0 0 0 0 0 0 0 1
0.1711919974 1 0 0 0 0 0 0 0 0 0 0
0.1718041392 1 0 0 0 0 0 0 0 0 0 1
0.1718041782 1 0 0 0 0 0 0 0 0 0 1
0.173927285 1 0 0 0 0 0 0 0 0 0 1
0.1746330186 1 0 0 0 0 0 0 0 0 0 1
0.1765026002 1 0 0 0 0 0 0 0 0 0 1
0.1776570038 1 0 0 0 0 0 0 0 0 0 1
0.1776570364 1 0 0 0 0 0 0 0 0 0 1
0.1782769639 1 0 0 0 0 0 0 0 0 0 2
0.1788854698 1 0 0 0 0 0 0 0 0 0 1
0.1793468755 1 0 0 0 0 0 0 0 0 0 1
0.1806316142 1 0 0 0 0 0 0 0 0 0 0
0.1992327751 1 0 0 0 0 0 0 0 0 0 0
0.2008383465 1 0 0 0 0 0 0 0 0 0 0
0.2009855703 1 0 0 0 0 0 0 0 0 0 2
0.2049622481 1 0 0 0 0 0 0 0 0 0 2
0.2058444948 1 0 0 0 0 0 0 0 0 0 2
0.2065213976 1 0 0 0 0 0 0 0 0 0 0
0.2086152053 1 0 0 0 0 0 0 0 0 0 0
0.212631729 1 0 0 0 0 0 0 0 0 0 1
0.2132779669 1 0 0 0 0 0 0 0 0 0 0
0.2186524722 1 0 0 0 0 0 0 0 0 0 1
0.2194849472 1 0 0 0 0 0 0 0 0 0 1
0.2194859228 1 0 0 0 0 0 0 0 0 0 1
0.2200292156 1 0 0 0 0 0 0 0 0 0 1
0.2209243637 1 0 0 0 0 0 0 0 0 0 1
0.2209246174 1 0 0 0 0 0 0 0 0 0 1
0.223061855 1 0 0 0 0 0 0 0 0 0 0
0.2272797581 1 0 0 0 0 0 0 0 0 0 0
0.2284264963 1 0 0 0 0 0 0 0 0 0 1
0.2284273906 1 0 0 0 0 0 0 0 0 0 1
0.003277377057 1 0 0 0 0 0 0 0 0 0 0
0.003319444245 1 0 0 0 0 0 0 0 0 0 0
0.00656294315 1 0 0 0 0 0 0 0 0 0 0
0.006835906677 1 0 0 0 0 0 0 0 0 0 0
0.007401906302 1 0 0 0 0 0 0 0 0 0 0
0.00910929102 1 0 0 0 0 0 0 0 0 0 0
0.009145019673 1 0 0 0 0 0 0 0 0 0 0
0.009394401509 1 0 0 0 0 0 0 0 0 0 0
0.009831649845 1 0 0 0 0 0 0 0 0 0 1
0.009846333522 1 0 0 0 0 0 0 0 0 0 1
0.0101258795 1 0 0 0 0 0 0 0 0 0 1
0.01029426208 1 0 0 0 0 0 0 0 0 0 1
0.01048564095 1 0 0 0 0 0 0 0 0 0 2
0.01096100506 1 0 0 0 0 0 0 0 0 0 0
0.01096433856 1 0 0 0 0 0 0 0 0 0 2
0.01327828432 1 0 0 0 0 0 0 0 0 0 2
0.01328016735 1 0 0 0 0 0 0 0 0 0 0
0.01328032996 1 0 0 0 0 0 0 0 0 0 1
0.01330608412 1 0 0 0 0 0 0 0 0 0 1
0.01556678163 1 0 0 0 0 0 0 0 0 0 1
0.01580785085 1 0 0 0 0 0 0 0 0 0 2
0.01642680602 1 0 0 0 0 0 0 0 0 0 2
0.01642774916 1 0 0 0 0 0 0 0 0 0 2
0.01899375332 1 0 0 0 0 0 0 0 0 0 0
0.02031867298 1 0 0 0 0 0 0 0 0 0 0
0.02187452801 1 0 0 0 0 0 0 0 0 0 1
0.02282997841 1 0 0 0 0 0 0 0 0 0 2
0.02702211761 1 0 0 0 0 0 0 0 0 0 1
0.02739889782 1 0 0 0 0 0 0 0 0 0 2
0.02801658139 1 0 0 0 0 0 0 0 0 0 0
0.02801766437 1 0 0 0 0 0 0 0 0 0 0
0.03053497986 1 0 0 0 0 0 0 0 0 0 0
0.03064984426 1 0 0 0 0 0 0 0 0 0 1
0.03193201053 1 0 0 0 0 0 0 0 0 0 0
0.0331525834 1 0 0 0 0 0 0 0 0 0 0
0.03473620245 1 0 0 0 0 0 0 0 0 0 0
0.03549428343 1 0 0 0 0 0 0 0 0 0 0
0.03924389922 1 0 0 0 0 0 0 0 0 0 0
0.03925972767 1 0 0 0 0 0 0 0 0 0 0
0.0446251788 1 0 0 0 0 0 0 0 0 0 0
0.05542851077 1 0 0 0 0 0 0 0 0 0 2
0.05556079394 1 0 0 0 0 0 0 0 0 0 2
0.05815034402 1 0 0 0 0 0 0 0 0 0 2
0.06244194196 1 0 0 0 0 0 0 0 0 0 2
0.06352766242 1 0 0 0 0 0 0 0 0 0 2
0.06444965745 1 0 0 0 0 0 0 0 0 0 1
0.06489692256 1 0 0 0 0 0 0 0 0 0 1
0.06907319753 1 0 0 0 0 0 0 0 0 0 2
0.07033159673 1 0 0 0 0 0 0 0 0 0 0
0.07420227562 1 0 0 0 0 0 0 0 0 0 0
0.07423516185 1 0 0 0 0 0 0 0 0 0 0
0.07600012674 1 0 0 0 0 0 0 0 0 0 2
0.08049036246 1 0 0 0 0 0 0 0 0 0 1
0.08097582464 1 0 0 0 0 0 0 0 0 0 2
0.08422336278 1 0 0 0 0 0 0 0 0 0 2
0.084245146 1 0 0 0 0 0 0 0 0 0 2
0.08435531098 1 0 0 0 0 0 0 0 0 0 2
0.08663313457 1 0 0 0 0 0 0 0 0 0 0
0.08667824256 1 0 0 0 0 0 0 0 0 0 1
0.08966377058 1 0 0 0 0 0 0 0 0 0 0
0.09015479076 1 0 0 0 0 0 0 0 0 0 1
0.09099263516 1 0 0 0 0 0 0 0 0 0 1
0.09386784534 1 0 0 0 0 0 0 0 0 0 0
0.09399405992 1 0 0 0 0 0 0 0 0 0 1
0.09399459328 1 0 0 0 0 0 0 0 0 0 1
0.09475038796 1 0 0 0 0 0 0 0 0 0 1
0.09506712933 1 0 0 0 0 0 0 0 0 0 0
0.09506772448 1 0 0 0 0 0 0 0 0 0 0
0.09509059719 1 0 0 0 0 0 0 0 0 0 0
0.101493955 1 0 0 0 0 0 0 0 0 0 0
0.1200729456 1 0 0 0 0 0 0 0 0 0 1
0.1240998699 1 0 0 0 0 0 0 0 0 0 2
0.1241579086 1 0 0 0 0 0 0 0 0 0 2
0.1278996248 1 0 0 0 0 0 0 0 0 0 1
0.1292437618 1 0 0 0 0 0 0 0 0 0 0
0.1295614723 1 0 0 0 0 0 0 0 0 0 0
0.1343174777 1 0 0 0 0 0 0 0 0 0 2
0.139561508 1 0 0 0 0 0 0 0 0 0 2
0.1396943017 1 0 0 0 0 0 0 0 0 0 1
0.1397370194 1 0 0 0 0 0 0 0 0 0 1
0.1397783353 1 0 0 0 0 0 0 0 0 0 1
0.1456758006 1 0 0 0 0 0 0 0 0 0 1
0.1482926919 1 0 0 0 0 0 0 0 0 0 0
0.1542429403 1 0 0 0 0 0 0 0 0 0 0
0.1608596488 1 0 0 0 0 0 0 0 0 0 1
0.1608848956 1 0 0 0 0 0 0 0 0 0 1
0.1612471093 1 0 0 0 0 0 0 0 0 0 1
0.1612909164 1 0 0 0 0 0 0 0 0 0 1
0.161468688 1 0 0 0 0 0 0 0 0 0 1
0.1614776869 1 0 0 0 0 0 0 0 0 0 1
0.1614780186 1 0 0 0 0 0 0 0 0 0 1
0.1644373697 1 0 0 0 0 0 0 0 0 0 1
0.1645230749 1 0 0 0 0 0 0 0 0 0 1
0.164585 1 0 0 0 0 0 0 0 0 0 1
0.1656145615 1 0 0 0 0 0 0 0 0 0 1
0.1660297469 1 0 0 0 0 0 0 0 0 0 0
0.1694501361 1 0 0 0 0 0 0 0 0 0 1
0.1711919974 1 0 0 0 0 0 0 0 0 0 0
0.1718041392 1 0 0 0 0 0 0 0 0 0 2
0.1718041782 1 0 0 0 0 0 0 0 0 0 2
0.173927285 1 0 0 0 0 0 0 0 0 0 0
0.1746330186 1 0 0 0 0 0 0 0 0 0 1
0.1765026002 1 0 0 0 0 0 0 0 0 0 2
0.1776570038 1 0 0 0 0 0 0 0 0 0 1
0.1776570364 1 0 0 0 0 0 0 0 0 0 1
0.1782769639 1 0 0 0 0 0 0 0 0 0 2
0.1788854698 1 0 0 0 0 0 0 0 0 0 2
0.1793468755 1 0 0 0 0 0 0 0 0 0 2
0.1806316142 1 0 0 0 0 0 0 0 0 0 1
0.1992327751 1 0 0 0 0 0 0 0 0 0 1
0.2008383465 1 0 0 0 0 0 0 0 0 0 1
0.2009855703 1 0 0 0 0 0 0 0 0 0 1
0.2049622481 1 0 0 0 0 0 0 0 0 0 1
0.2058444948 1 0 0 0 0 0 0 0 0 0 2
0.2065213976 1 0 0 0 0 0 0 0 0 0 1
0.2086152053 1 0 0 0 0 0 0 0 0 0 0
0.212631729 1 0 0 0 0 0 0 0 0 0 0
0.2132779669 1 0 0 0 0 0 0 0 0 0 0
0.2186524722 1 0 0 0 0 0 0 0 0 0 2
0.2194849472 1 0 0 0 0 0 0 0 0 0 1
0.2194859228 1 0 0 0 0 0 0 0 0 0 2
0.2200292156 1 0 0 0 0 0 0 0 0 0 1
0.2209243637 1 0 0 0 0 0 0 0 0 0 2
0.2209246174 1 0 0 0 0 0 0 0 0 0 0
0.223061855 1 0 0 0 0 0 0 0 0 0 1
0.2272797581 1 0 0 0 0 0 0 0 0 0 0
0.2284264963 1 0 0 0 0 0 0 0 0 0 1
0.2284273906 1 0 0 0 0 0 0 0 0 0 2
0.003277377057 1 0 0 0 0 0 0 0 0 0 1
0.003319444245 1 0 0 0 0 0 0 0 0 0 1
0.00656294315 1 0 0 0 0 0 0 0 0 0 0
0.006835906677 1 0 0 0 0 0 0 0 0 0 1
0.007401906302 1 0 0 0 0 0 0 0 0 0 1
0.00910929102 1 0 0 0 0 0 0 0 0 0 0
0.009145019673 1 0 0 0 0 0 0 0 0 0 0
0.009394401509 1 0 0 0 0 0 0 0 0 0 0
0.009831649845 1 0 0 0 0 0 0 0 0 0 0
0.009846333522 1 0 0 0 0 0 0 0 0 0 1
0.0101258795 1 0 0 0 0 0 0 0 0 0 0
0.01029426208 1 0 0 0 0 0 0 0 0 0 1
0.01048564095 1 0 0 0 0 0 0 0 0 0 0
0.01096100506 1 0 0 0 0 0 0 0 0 0 0
0.01096433856 1 0 0 0 0 0 0 0 0 0 1
0.01327828432 1 0 0 0 0 0 0 0 0 0 1
0.01328016735 1 0 0 0 0 0 0 0 0 0 0
0.01328032996 1 0 0 0 0 0 0 0 0 0 0
0.01330608412 1 0 0 0 0 0 0 0 0 0 1
0.01556678163 1 0 0 0 0 0 0 0 0 0 0
0.01580785085 1 0 0 0 0 0 0 0 0 0 1
0.01642680602 1 0 0 0 0 0 0 0 0 0 0
0.01642774916 1 0 0 0 0 0 0 0 0 0 1
0.01899375332 1 0 0 0 0 0 0 0 0 0 0
0.02031867298 1 0 0 0 0 0 0 0 0 0 1
0.02187452801 1 0 0 0 0 0 0 0 0 0 1
0.02282997841 1 0 0 0 0 0 0 0 0 0 1
0.02702211761 1 0 0 0 0 0 0 0 0 0 1
0.02739889782 1 0 0 0 0 0 0 0 0 0 1
0.02801658139 1 0 0 0 0 0 0 0 0 0 1
0.02801766437 1 0 0 0 0 0 0 0 0 0 1
0.03053497986 1 0 0 0 0 0 0 0 0 0 1
0.03064984426 1 0 0 0 0 0 0 0 0 0 0
0.03193201053 1 0 0 0 0 0 0 0 0 0 0
0.0331525834 1 0 0 0 0 0 0 0 0 0 0
0.03473620245 1 0 0 0 0 0 0 0 0 0 1
0.03549428343 1 0 0 0 0 0 0 0 0 0 1
0.03924389922 1 0 0 0 0 0 0 0 0 0 0
0.03925972767 1 0 0 0 0 0 0 0 0 0 0
0.0446251788 1 0 0 0 0 0 0 0 0 0 1
0.05542851077 1 0 0 0 0 0 0 0 0 0 1
0.05556079394 1 0 0 0 0 0 0 0 0 0 0
0.05815034402 1 0 0 0 0 0 0 0 0 0 1
0.06244194196 1 0 0 0 0 0 0 0 0 0 1
0.06352766242 1 0 0 0 0 0 0 0 0 0 1
0.06444965745 1 0 0 0 0 0 0 0 0 0 1
0.06489692256 1 0 0 0 0 0 0 0 0 0 0
0.06907319753 1 0 0 0 0 0 0 0 0 0 0
0.07033159673 1 0 0 0 0 0 0 0 0 0 0
0.07420227562 1 0 0 0 0 0 0 0 0 0 1
0.07423516185 1 0 0 0 0 0 0 0 0 0 1
0.07600012674 1 0 0 0 0 0 0 0 0 0 1
0.08049036246 1 0 0 0 0 0 0 0 0 0 0
0.08097582464 1 0 0 0 0 0 0 0 0 0 0
0.08422336278 1 0 0 0 0 0 0 0 0 0 0
0.084245146 1 0 0 0 0 0 0 0 0 0 0
0.08435531098 1 0 0 0 0 0 0 0 0 0 1
0.08663313457 1 0 0 0 0 0 0 0 0 0 0
0.08667824256 1 0 0 0 0 0 0 0 0 0 0
0.08966377058 1 0 0 0 0 0 0 0 0 0 0
0.09015479076 1 0 0 0 0 0 0 0 0 0 0
0.09099263516 1 0 0 0 0 0 0 0 0 0 0
0.09386784534 1 0 0 0 0 0 0 0 0 0 0
0.09399405992 1 0 0 0 0 0 0 0 0 0 0
0.09399459328 1 0 0 0 0 0 0 0 0 0 0
0.09475038796 1 0 0 0 0 0 0 0 0 0 0
0.09506712933 1 0 0 0 0 0 0 0 0 0 0
0.09506772448 1 0 0 0 0 0 0 0 0 0 0
0.09509059719 1 0 0 0 0 0 0 0 0 0 0
0.101493955 1 0 0 0 0 0 0 0 0 0 0
0.1200729456 1 0 0 0 0 0 0 0 0 0 1
0.1240998699 1 0 0 0 0 0 0 0 0 0 1
0.1241579086 1 0 0 0 0 0 0 0 0 0 1
0.1278996248 1 0 0 0 0 0 0 0 0 0 0
0.1292437618 1 0 0 0 0 0 0 0 0 0 0
0.1295614723 1 0 0 0 0 0 0 0 0 0 1
0.1343174777 1 0 0 0 0 0 0 0 0 0 0
0.139561508 1 0 0 0 0 0 0 0 0 0 1
0.1396943017 1 0 0 0 0 0 0 0 0 0 1
0.1397370194 1 0 0 0 0 0 0 0 0 0 1
0.1397783353 1 0 0 0 0 0 0 0 0 0 1
0.1456758006 1 0 0 0 0 0 0 0 0 0 0
0.1482926919 1 0 0 0 0 0 0 0 0 0 1
0.1542429403 1 0 0 0 0 0 0 0 0 0 0
0.1608596488 1 0 0 0 0 0 0 0 0 0 1
0.1608848956 1 0 0 0 0 0 0 0 0 0 1
0.1612471093 1 0 0 0 0 0 0 0 0 0 1
0.1612909164 1 0 0 0 0 0 0 0 0 0 1
0.161468688 1 0 0 0 0 0 0 0 0 0 1
0.1614776869 1 0 0 0 0 0 0 0 0 0 1
0.1614780186 1 0 0 0 0 0 0 0 0 0 1
0.1644373697 1 0 0 0 0 0 0 0 0 0 1
0.1645230749 1 0 0 0 0 0 0 0 0 0 1
0.164585 1 0 0 0 0 0 0 0 0 0 1
0.1656145615 1 0 0 0 0 0 0 0 0 0 0
0.1660297469 1 0 0 0 0 0 0 0 0 0 1
0.1694501361 1 0 0 0 0 0 0 0 0 0 1
0.1711919974 1 0 0 0 0 0 0 0 0 0 0
0.1718041392 1 0 0 0 0 0 0 0 0 0 1
0.1718041782 1 0 0 0 0 0 0 0 0 0 1
0.173927285 1 0 0 0 0 0 0 0 0 0 1
0.1746330186 1 0 0 0 0 0 0 0 0 0 1
0.1765026002 1 0 0 0 0 0 0 0 0 0 0
0.1776570038 1 0 0 0 0 0 0 0 0 0 0
0.1776570364 1 0 0 0 0 0 0 0 0 0 0
0.1782769639 1 0 0 0 0 0 0 0 0 0 1
0.1788854698 1 0 0 0 0 0 0 0 0 0 1
0.1793468755 1 0 0 0 0 0 0 0 0 0 1
0.1806316142 1 0 0 0 0 0 0 0 0 0 0
0.1992327751 1 0 0 0 0 0 0 0 0 0 0
0.2008383465 1 0 0 0 0 0 0 0 0 0 0
0.2009855703 1 0 0 0 0 0 0 0 0 0 0
0.2049622481 1 0 0 0 0 0 0 0 0 0 1
0.2058444948 1 0 0 0 0 0 0 0 0 0 1
0.2065213976 1 0 0 0 0 0 0 0 0 0 0
0.2086152053 1 0 0 0 0 0 0 0 0 0 0
0.212631729 1 0 0 0 0 0 0 0 0 0 0
0.2132779669 1 0 0 0 0 0 0 0 0 0 0
0.2186524722 1 0 0 0 0 0 0 0 0 0 1
0.2194849472 1 0 0 0 0 0 0 0 0 0 0
0.2194859228 1 0 0 0 0 0 0 0 0 0 1
0.2200292156 1 0 0 0 0 0 0 0 0 0 1
0.2209243637 1 0 0 0 0 0 0 0 0 0 1
0.2209246174 1 0 0 0 0 0 0 0 0 0 1
0.223061855 1 0 0 0 0 0 0 0 0 0 1
0.2272797581 1 0 0 0 0 0 0 0 0 0 1
0.2284264963 1 0 0 0 0 0 0 0 0 0 0
0.2284273906 1 0 0 0 0 0 0 0 0 0 1
